今天想起来做一做3x+1的问题，看着人家给的题目，我首先想到的是有没有可能导致溢出的问题。经过一小段的测试，我发现确实是有可能导致溢出的。

于是我考虑了使用额外的一个int来保存溢出位的方法。

在我细心的处理了溢出，并在溢出的情况下也算出了应该算出来的值的情况下，将自己的答案输入到系统当中，结果发现产生了错误的答案。

在网上搜索之后发现原来是自己对输入数据的处理不合适。没有考虑到范围当中前面的数据比后面的数据大的情况。

略微统计了一下，在1到999999的范围内
如果使用int，加上3x+1的方法，可以计算出432个溢出的值
如果使用int，加上(3x+1)/2的方法，可以计算出109个溢出的值
如果使用unsigned int，加上(3x+1)/2的方法，可以计算出77个溢出的值

159487 -1
212649 -1
239231 -1
270271 -1
288615 -1
318974 -1
318975 -1
358847 -1
360361 -1
376831 -1
378043 -1
405407 -1
425298 -1
425299 -1
432923 -1
478462 -1
478463 -1
480481 -1
487039 -1
502441 -1
504057 -1
538271 -1
540542 -1
540543 -1
565247 -1
567065 -1
577230 -1
577231 -1
608111 -1
637948 -1
637949 -1
637950 -1
640641 -1
649385 -1
656415 -1
665215 -1
669921 -1
687871 -1
704511 -1
717694 -1
717695 -1
720722 -1
720723 -1
730559 -1
753662 -1
753663 -1
756086 -1
756087 -1
763675 -1
769641 -1
780391 -1
807407 -1
810814 -1
810815 -1
822139 -1
829087 -1
847871 -1
850596 -1
850597 -1
850598 -1
854191 -1
859135 -1
865846 -1
865847 -1
886953 -1
912167 -1
917161 -1
924907 -1
956924 -1
956925 -1
956926 -1
960962 -1
960963 -1
974078 -1
974079 -1
984623 -1
997823 -1